ID,NAME,ELEMENT,GROWING_TYPE,SPRITE,STAR,EQUIP_COST,SKILL,LEADER_SKILL,NORMAL_SKILL,MAX_LEVEL,EXP_GROW_TYPE,EAT_EXP_BASE,SELL_PRICE_BASE
1,冰剑士,0,1,Card001,1,1,5,0,1,15,1,100,500
2,冰剑士,0,5,Card001,2,3,5,0,1,25,1,200,1000
3,冰剑士,0,9,Card001,3,5,5,0,1,35,1,300,2000
4,雇佣兵,1,1,Card004,1,1,5,0,1,15,1,100,500
5,雇佣兵,1,5,Card005,2,3,5,0,1,25,1,200,1000
6,雇佣兵,1,9,Card006,3,5,5,0,1,35,1,300,2000
7,神箭手,2,1,Card007,1,1,6,0,2,15,1,100,500
8,神箭手,2,5,Card008,2,3,6,0,2,25,1,200,1000
9,神箭手,2,9,Card009,3,5,6,0,2,35,1,300,2000
10,大锤,3,1,Card010,1,1,5,0,1,15,1,100,500
11,大锤,3,5,Card011,2,3,5,0,1,25,1,200,1000
12,大锤,3,9,Card012,3,5,5,0,1,35,1,300,2000
13,光法师,4,1,Card001,1,1,4,0,3,15,1,100,500
14,光法师,4,5,Card001,2,3,4,0,3,25,1,200,1000
15,光法师,4,9,Card001,3,5,4,0,3,35,1,300,2000
16,暗法师,5,1,Card001,1,1,7,0,3,15,1,100,500
17,暗法师,5,5,Card001,2,3,7,0,3,25,1,200,1000
18,暗法师,5,9,Card001,3,5,7,0,3,35,1,300,2000
19,史莱姆,0,1,Card001,2,3,0,0,1,15,1,100,1000
20,史莱姆,0,1,Card001,3,5,0,0,1,25,2,100,1000
21,史莱姆,0,1,Card001,4,7,0,0,1,70,2,100,1000
22,岩浆怪,1,1,Card001,2,3,0,0,1,15,1,100,1000
23,岩浆怪,1,1,Card001,3,5,0,0,1,25,2,100,1000
24,岩浆怪,1,1,Card001,4,7,0,0,1,70,2,100,1000
25,杀人蜂,2,1,Card001,2,3,0,0,1,15,1,100,1000
26,杀人蜂,2,1,Card001,3,5,0,0,1,25,2,100,1000
27,杀人蜂,2,1,Card001,4,7,0,0,1,70,2,100,1000
28,巨龙岩,3,1,Card001,2,3,0,0,1,15,1,100,1000
29,巨龙岩,3,1,Card001,3,5,0,0,1,25,2,100,1000
30,巨龙岩,3,1,Card001,4,7,0,0,1,70,2,100,1000
31,神灯,4,1,Card001,2,3,0,0,1,15,1,100,1000
32,神灯,4,1,Card001,3,5,0,0,1,25,2,100,1000
33,神灯,4,1,Card001,4,7,0,0,1,70,2,100,1000
34,吸血蝙蝠,5,1,Card001,2,3,0,0,1,15,1,100,1000
35,吸血蝙蝠,5,1,Card001,3,5,0,0,1,25,2,100,1000
36,吸血蝙蝠,5,1,Card001,4,7,0,0,1,70,2,100,1000
37,水盾卫,0,1,Card001,2,4,0,0,1,15,1,100,1000
38,水盾卫,0,1,Card001,3,6,0,0,1,25,2,100,1000
39,水盾卫,0,1,Card001,4,8,0,0,1,70,2,100,1000
40,芒果布丁,1,1,Card001,2,4,0,0,1,15,1,100,1000
41,芒果布丁,1,1,Card001,3,6,0,0,1,25,2,100,1000
42,芒果布丁,1,1,Card001,4,8,0,0,1,70,2,100,1000
43,女战士,2,1,Card043,2,4,0,0,1,15,1,100,1000
44,女战士,2,1,Card044,3,6,0,0,1,25,2,100,1000
45,女战士,2,1,Card045,4,8,0,0,1,70,2,100,1000
46,食人花,3,1,Card001,2,4,0,0,1,15,1,100,1000
47,食人花,3,1,Card001,3,6,0,0,1,25,2,100,1000
48,食人花,3,1,Card001,4,8,0,0,1,70,2,100,1000
49,光之骑士,4,1,Card049,2,4,0,0,1,15,1,100,1000
50,光之骑士,4,1,Card050,3,6,0,0,1,25,2,100,1000
51,光之骑士,4,1,Card051,4,8,0,0,1,70,2,100,1000
52,幽灵盔甲,5,1,Card001,2,4,0,0,1,15,1,100,1000
53,幽灵盔甲,5,1,Card001,3,6,0,0,1,25,2,100,1000
54,幽灵盔甲,5,1,Card001,4,8,0,0,1,70,2,100,1000
55,流水女士,0,1,Card001,2,5,0,0,1,25,1,100,1000
56,流水女士,0,1,Card001,3,8,0,0,1,35,2,100,1000
57,流水女士,0,1,Card001,4,13,0,0,1,70,2,100,1000
58,爆焰女士,1,1,Card058,2,5,0,0,1,25,1,100,1000
59,爆焰女士,1,1,Card059,3,8,0,0,1,35,2,100,1000
60,爆焰女士,1,1,Card060,4,13,0,0,1,70,2,100,1000
61,清风女士,2,1,Card001,2,5,0,0,1,25,1,100,1000
62,清风女士,2,1,Card001,3,8,0,0,1,35,2,100,1000
63,清风女士,2,1,Card001,4,13,0,0,1,70,2,100,1000
64,大地女士,3,1,Card001,2,5,0,0,1,25,1,100,1000
65,大地女士,3,1,Card001,3,8,0,0,1,35,2,100,1000
66,大地女士,3,1,Card001,4,13,0,0,1,70,2,100,1000
67,圣女,4,1,Card067,2,5,0,0,1,25,1,100,1000
68,圣女,4,1,Card068,3,8,0,0,1,35,2,100,1000
69,圣女,4,1,Card069,4,13,0,0,1,70,2,100,1000
70,死亡女巫,5,1,Card070,2,5,0,0,1,25,1,100,1000
71,死亡女巫,5,1,Card071,3,8,0,0,1,35,2,100,1000
72,死亡女巫,5,1,Card072,4,13,0,0,1,70,2,100,1000
73,蓝苹果,0,1,Card001,2,1,0,0,1,1,1,100,1000
74,红苹果,1,1,Card001,2,1,0,0,1,1,1,100,1000
75,青苹果,2,1,Card001,2,1,0,0,1,1,1,100,1000
76,橙苹果,3,1,Card001,2,1,0,0,1,1,1,100,1000
77,金苹果,4,1,Card001,2,1,0,0,1,1,1,100,1000
78,毒苹果,5,1,Card001,2,1,0,0,1,1,1,100,1000
79,彩虹苹果,5,1,Card001,5,1,0,0,1,1,1,100,1000
80,双鱼座,0,1,Card001,1,1,0,0,1,1,1,100,1000
81,狮子座,1,1,Card001,1,1,0,0,1,1,1,100,1000
82,射手座,2,1,Card001,1,1,0,0,1,1,1,100,1000
83,巨蟹座,3,1,Card001,1,1,0,0,1,1,1,100,1000
84,金牛座,4,1,Card001,1,1,0,0,1,1,1,100,1000
85,魔羯座,5,1,Card001,1,1,0,0,1,1,1,100,1000
86,水瓶座,0,1,Card001,3,1,0,0,1,1,1,100,1000
87,天秤座,1,1,Card001,3,1,0,0,1,1,1,100,1000
88,天蝎座,2,1,Card001,3,1,0,0,1,1,1,100,1000
89,白羊座,3,1,Card001,3,1,0,0,1,1,1,100,1000
90,处女座,4,1,Card001,3,1,0,0,1,1,1,100,1000
91,双子座,5,1,Card001,3,1,0,0,1,1,1,100,1000
92,木竖琴,2,1,Card001,2,1,0,0,1,1,1,100,1000
93,青铜竖琴,2,1,Card001,3,1,0,0,1,1,1,100,1000
94,金竖琴,2,1,Card001,4,1,0,0,1,1,1,100,1000
95,蓝木马,0,1,Card001,4,11,0,0,1,1,1,100,1000
96,红木马,1,1,Card001,4,11,0,0,1,1,1,100,1000
97,绿木马,2,1,Card001,4,11,0,0,1,1,1,100,1000
98,橙木马,3,1,Card001,4,11,0,0,1,1,1,100,1000
99,黄木马,4,1,Card001,4,11,0,0,1,1,1,100,1000
100,紫木马,5,1,Card001,4,11,0,0,1,1,1,100,1000
101,塞壬,0,1,Card001,3,6,0,0,1,35,2,100,1000
102,塞壬,0,1,Card001,4,9,0,0,1,70,2,100,1000
103,塞壬,0,1,Card001,5,14,0,0,1,99,3,100,1000
104,半人马,1,1,Card104,3,6,0,0,1,35,2,100,1000
105,半人马,1,1,Card105,4,9,0,0,1,70,2,100,1000
106,半人马,1,1,Card106,5,14,0,0,1,99,3,100,1000
107,珀伽索斯,2,1,Card107,3,6,0,0,1,35,2,100,1000
108,珀伽索斯,2,1,Card108,4,9,0,0,1,70,2,100,1000
109,珀伽索斯,2,1,Card109,5,14,0,0,1,99,3,100,1000
110,弥诺陶洛斯,3,1,Card110,3,6,0,0,1,35,2,100,1000
111,弥诺陶洛斯,3,1,Card111,4,9,0,0,1,70,2,100,1000
112,弥诺陶洛斯,3,1,Card112,5,14,0,0,1,99,3,100,1000
113,拉冬,4,1,Card113,3,6,0,0,1,35,2,100,1000
114,拉冬,4,1,Card114,4,9,0,0,1,70,2,100,1000
115,拉冬,4,1,Card115,5,14,0,0,1,99,3,100,1000
116,地狱三头犬,5,1,Card001,3,6,0,0,1,35,2,100,1000
117,地狱三头犬,5,1,Card001,4,9,0,0,1,70,2,100,1000
118,地狱三头犬,5,1,Card001,5,14,0,0,1,99,3,100,1000
119,魔树皮,5,1,Card001,3,1,0,0,1,1,1,100,1000
120,魔鱼鳞,5,1,Card001,4,1,0,0,1,1,1,100,1000
121,魔羊毛,5,1,Card001,5,1,0,0,1,1,1,100,1000
122,金树皮,4,1,Card001,3,1,0,0,1,1,1,100,1000
123,金鱼鳞,4,1,Card001,4,1,0,0,1,1,1,100,1000
124,金羊毛,4,1,Card001,5,1,0,0,1,1,1,100,1000
125,伊阿宋,0,1,Card001,3,4,0,0,1,15,1,100,1000
126,伊阿宋,0,1,Card001,4,7,0,0,1,35,2,100,1000
127,伊阿宋,0,1,Card001,5,10,0,0,1,99,2,100,1000
128,赫拉克勒斯,1,1,Card001,3,4,0,0,1,15,1,100,1000
129,赫拉克勒斯,1,1,Card001,4,7,0,0,1,35,2,100,1000
130,赫拉克勒斯,1,1,Card001,5,10,0,0,1,99,2,100,1000
131,珀耳修斯,2,1,Card001,3,4,0,0,1,15,1,100,1000
132,珀耳修斯,2,1,Card001,4,7,0,0,1,35,2,100,1000
133,珀耳修斯,2,1,Card001,5,10,0,0,1,99,2,100,1000
134,忒修斯,3,1,Card001,3,4,0,0,1,15,1,100,1000
135,忒修斯,3,1,Card001,4,7,0,0,1,35,2,100,1000
136,忒修斯,3,1,Card001,5,10,0,0,1,99,2,100,1000
137,奧德修斯,4,1,Card001,3,4,0,0,1,15,1,100,1000
138,奧德修斯,4,1,Card001,4,7,0,0,1,35,2,100,1000
139,奧德修斯,4,1,Card001,5,10,0,0,1,99,2,100,1000
140,阿喀琉斯,5,1,Card001,3,4,0,0,1,15,1,100,1000
141,阿喀琉斯,5,1,Card001,4,7,0,0,1,35,2,100,1000
142,阿喀琉斯,5,1,Card001,5,10,0,0,1,99,2,100,1000
143,阿佛洛狄忒,0,1,Card001,5,15,0,0,1,50,3,100,1000
144,阿佛洛狄忒,0,1,Card001,6,20,0,0,1,99,3,100,1000
145,赫斐斯托斯,1,1,Card001,5,15,0,0,1,50,3,100,1000
146,赫斐斯托斯,1,1,Card001,6,20,0,0,1,99,3,100,1000
147,赫耳墨斯,2,1,Card001,5,15,0,0,1,50,3,100,1000
148,赫耳墨斯,2,1,Card001,6,20,0,0,1,99,3,100,1000
149,狄俄尼索斯,3,1,Card001,5,15,0,0,1,50,3,100,1000
150,狄俄尼索斯,3,1,Card001,6,20,0,0,1,99,3,100,1000
151,阿波罗,4,1,Card001,5,15,0,0,1,50,3,100,1000
152,阿波罗,4,1,Card001,6,20,0,0,1,99,3,100,1000
153,赫拉,5,1,Card001,5,15,0,0,1,50,3,100,1000
154,赫拉,5,1,Card001,6,20,0,0,1,99,3,100,1000
155,波塞冬,0,1,Card001,5,15,0,0,1,50,3,100,1000
156,波塞冬,0,1,Card001,6,20,0,0,1,99,3,100,1000
157,阿瑞斯,1,1,Card001,5,15,0,0,1,50,3,100,1000
158,阿瑞斯,1,1,Card001,6,20,0,0,1,99,3,100,1000
159,阿尔忒弥斯,2,1,Card001,5,15,0,0,1,50,3,100,1000
160,阿尔忒弥斯,2,1,Card001,6,20,0,0,1,99,3,100,1000
161,雅典娜,3,1,Card001,5,15,0,0,1,50,3,100,1000
162,雅典娜,3,1,Card001,6,20,0,0,1,99,3,100,1000
163,宙斯,4,1,Card001,5,15,0,0,1,50,3,100,1000
164,宙斯,4,1,Card001,6,20,0,0,1,99,3,100,1000
165,哈迪斯,5,1,Card001,5,15,0,0,1,50,3,100,1000
166,哈迪斯,5,1,Card001,6,20,0,0,1,99,3,100,1000
167,美杜莎,0,1,Card001,3,6,0,0,1,35,2,100,1000
168,美杜莎,0,1,Card001,4,9,0,0,1,70,2,100,1000
169,美杜莎,0,1,Card001,5,14,0,0,1,99,3,100,1000
170,普罗米修斯,1,1,Card001,3,6,0,0,1,35,2,100,1000
171,普罗米修斯,1,1,Card001,4,9,0,0,1,70,2,100,1000
172,普罗米修斯,1,1,Card001,5,14,0,0,1,99,3,100,1000
173,乌拉诺斯,2,1,Card001,3,6,0,0,1,35,2,100,1000
174,乌拉诺斯,2,1,Card001,4,9,0,0,1,70,2,100,1000
175,乌拉诺斯,2,1,Card001,5,14,0,0,1,99,3,100,1000
176,盖亚,3,1,Card001,3,6,0,0,1,35,2,100,1000
177,盖亚,3,1,Card001,4,9,0,0,1,70,2,100,1000
178,盖亚,3,1,Card001,5,14,0,0,1,99,3,100,1000
179,欧若拉,4,1,Card001,3,6,0,0,1,35,2,100,1000
180,欧若拉,4,1,Card001,4,9,0,0,1,70,2,100,1000
181,欧若拉,4,1,Card001,5,14,0,0,1,99,3,100,1000
182,卡俄斯,5,1,Card001,3,6,0,0,1,35,2,100,1000
183,卡俄斯,5,1,Card001,4,9,0,0,1,70,2,100,1000
184,卡俄斯,5,1,Card001,5,14,0,0,1,99,3,100,1000
